TF	Hu-GENIE3	Hu-Inferelator	Hu-MERLIN	Hu-MERLIN-P	MacIsaac-GENIE3	MacIsaac-Inferelator	MacIsaac-MERLIN	MacIsaac-MERLIN-P	YeastractC3-GENIE3	YeastractC3-Inferelator	YeastractC3-MERLIN	YeastractC3-MERLIN-P	YeastractT2-GENIE3	YeastractT2-Inferelator	YeastractT2-MERLIN	YeastractT2-MERLIN-P
YAL051W	0	0	7.28762	9.44691	-1	-1	-1	-1	34.7818	13.1931	10.9314	4.72346	15.1225	5.73613	4.7528	6.16103
YBL005W	0	0	0	0	0	0	0	17.2342	0	5.40395	15.0039	11.4895	0	4.20308	8.33551	7.02135
YBR049C	0	0.387757	0	0.60271	1.05168	5.25103	0	5.05262	0	4.09519	0	5.51664	0	4.57973	0	6.36917
YBR083W	0	0	12.5033	3.51654	20.4599	4.78849	16.671	15.8244	32.608	7.63165	17.713	16.8135	15.8099	5.55029	14.4924	8.15199
YBR150C	0	4.27009	0	13.6643	-1	-1	-1	-1	-1	-1	-1	-1	-1	-1	-1	-1
YBR240C	0	4.10956	0	0	4.6432	9.7602	25.8514	28.1324	7.42913	15.6163	41.3622	45.0118	10.613	11.1545	29.5444	32.1513
YCR106W	12.146	3.98542	7.59127	5.85015	0	2.39125	0	10.5303	-1	-1	-1	-1	-1	-1	-1	-1
YDL020C	0	2.52416	0	3.21333	6.54017	6.38807	3.79752	3.87247	0	8.65052	10.2849	10.4879	6.7478	8.94475	11.7542	7.99081
YDL056W	0	0	0	0	3.37688	6.70685	1.03182	5.10752	5.99687	6.41331	3.66475	5.77198	0	9.24155	4.62077	6.23804
YDR043C	4.11398	1.30136	3.07309	2.21797	1.66783	3.69305	1.24585	6.29424	2.28554	4.33787	0	2.46441	3.85685	3.05006	1.44051	4.1587
YDR123C	0	0	0	0	14.8103	3.12327	20.6811	3.47818	54.853	0	57.4474	19.3232	24.6839	7.80816	41.3622	26.0864
YDR146C	0	0	0	0	3.41607	2.58793	5.53958	5.60012	3.90408	1.18306	4.22063	7.68016	0	1.93232	3.44685	6.27213
YDR207C	-1	0.97602	0	2.63197	-1	4.98177	0	8.50819	-1	0	0	7.81614	-1	3.54259	0	11.1452
YDR213W	0	0	0	0	-1	-1	-1	-1	0	0	0	10.6278	0	0	0	8.50222
YDR216W	0	0	0	0	5.35854	0	0	0	6.25163	6.14618	11.5939	3.47818	5.96747	3.66676	11.8574	2.37149
YDR253C	-1	0	0	0	-1	14.4105	28.9848	12.6899	-1	38.9085	34.7818	34.2627	-1	24.3178	43.4773	28.5522
YDR259C	0	0	0	0	21.2556	2.89191	3.14897	6.45738	68.3214	1.85909	0	13.8373	0	1.53101	0	2.84885
YDR421W	0	2.70007	11.7723	0	20.3511	17.5505	0	26.9437	10.1755	4.38761	19.13	13.4718	13.5674	11.7003	0	17.9624
YDR423C	0	0	0	6.54017	0	3.64381	0	4.36011	0	3.21513	0	5.77074	0	0	0	0
YEL009C	0	1.50393	0	0	0.684069	4.4486	5.48924	7.51198	0.778456	3.68175	4.58936	6.83877	0.986404	3.43756	4.28497	6.02031
YER028C	1.48122	7.45809	0	12.3221	-1	-1	-1	-1	-1	-1	-1	-1	0	0	0	55.4493
YER040W	5.51694	0	2.51711	0	7.86164	1.80472	3.58688	1.7713	4.19288	1.44377	1.913	2.83407	4.03161	1.04118	1.83942	1.36254
YER111C	0	0.830295	0	1.12795	0	5.19837	0	6.27728	0	4.35565	0	7.10053	0	3.28694	0	5.95371
YFL021W	0	0	0	0	0	5.19132	18.801	12.4221	0	11.4209	20.6811	20.4964	0	9.51741	34.4685	17.0804
YFR034C	-1	0	0	0	-1	5.43466	0	3.99791	-1	3.32118	0	9.16188	-1	2.95216	0	4.88633
YGL013C	0	4.29405	0	0	0	0	0	0	0	2.7785	0	4.28683	0	3.88229	0	7.48728
YGL035C	0	2.81945	0	2.91838	0	0	0	0	0	8.10593	0	8.39035	0	14.4105	0	7.45809
YGL071W	11.6646	3.11057	3.70306	2.85665	0	6.37667	13.6643	12.6883	53.1389	12.9558	22.9425	19.9542	40.5297	9.26392	16.4692	13.8959
YGL131C	0	0	0	0	0	6.65391	18.4831	6.93116	-1	-1	-1	-1	-1	-1	-1	-1
YGL151W	42.044	-1	15.8427	28.0293	-1	-1	-1	-1	-1	-1	-1	-1	-1	-1	-1	-1
YGL162W	0	0	0	0	0	1.06544	0	3.3739	-1	-1	-1	-1	-1	-1	-1	-1
YHL020C	0	0	24.8442	40.9929	0	0	0	0	-1	-1	-1	-1	0	0	57.9697	159.417
YHR084W	-1	-1	-1	-1	19.4542	6.12732	16.2119	12.8807	9.63585	3.68206	7.7937	6.40578	6.48475	2.74453	5.67415	4.66369
YHR178W	47.825	5.38873	66.5391	6.37667	0	7.92461	19.5703	9.37745	0	26.9437	0	31.8833	0	13.4718	0	15.9417
YHR206W	0	3.60264	0	6.96903	2.14703	1.5011	0	4.64602	0	0.790823	0	3.05958	0.72012	0.604169	0	2.33744
YIL101C	0	0	0	0	0	6.16103	1.88102	2.21412	0	0	0	0	2.65694	0	2.82153	3.32118
YIL131C	0	0	0	0	0	2.71669	0	1.63504	0	6.92489	5.11497	6.25163	0	4.52781	0	4.08761
YIR017C	0	-1	0	0	-1	-1	-1	-1	40.4868	-1	38.0697	70.8519	34.7029	-1	48.9467	75.9127
YIR033W	5.35105	26.7552	2.48886	4.45921	-1	-1	-1	-1	255.067	1275.33	59.3178	106.278	143.475	478.25	66.7326	119.562
YJL056C	53.1389	4.66585	14.4924	4.30856	212.556	9.33171	86.9545	25.8514	159.417	11.198	60.8682	18.0959	141.704	9.33171	48.3081	14.3619
YJL089W	1.63225	0	0	0	4.89676	4.11398	28.695	11.5241	6.52901	8.22796	38.26	23.0482	0	0	0	0
YJL110C	-1	0	34.7818	20.7653	-1	0	0	0	-1	0	0	57.1045	-1	0	42.5111	38.0697
YJR060W	0	6.20902	0	2.9728	2.59214	6.20145	4.82675	5.30211	0	0	3.99791	1.75666	0	0	0	0
YKL043W	-1	0	0	0	-1	3.09172	3.9241	5.00131	-1	1.83062	3.87247	6.9097	-1	-1	-1	-1
YKL062W	0	6.30313	27.3286	5.31389	7.82733	1.20698	1.16292	3.39184	13.0803	1.89094	3.03651	2.95216	12.5081	1.63881	3.27943	2.33811
YKL109W	0	0	0	0	15.2384	6.05928	32.1513	30.2318	16.4398	8.09346	33.5396	34.2627	17.1594	5.72265	33.1255	34.8972
YKL112W	0	0.602994	0	1.38757	0	3.1811	1.14826	2.21823	0	2.87836	1.75827	2.37766	0	3.64381	1.60756	2.17386
YKR034W	0	0	0	0	0	0	0	0	70.8519	12.8389	40.7021	26.5694	35.4259	14.9787	33.9184	30.9977
YKR099W	0	2.06811	0	6.83214	10.8693	7.53998	3.14638	19.2154	13.9127	11.0299	4.02737	27.3286	11.2199	8.89509	3.24788	19.8353
YLR176C	0	11.9563	35.4259	14.5808	0	23.9125	35.4259	11.6646	0	13.6643	26.9912	11.1092	0	7.97083	23.6173	7.77642
YLR256W	-1	-1	-1	-1	18.9198	8.01616	11.1568	13.1573	45.5476	11.1654	18.7549	16.8794	34.1607	10.0707	15.4452	14.5626
YLR403W	0.426628	1.96967	0.344933	1.15799	0	0	0	0	0	5.67572	0	1.23939	0	0.752779	0.856887	0
YML007W	0	3.41607	0	8.14043	0	5.3938	0	6.42665	2.03402	1.47104	1.07684	3.70019	3.3739	1.6267	1.78618	4.52246
YMR016C	0	0	0	0	0	1.48525	4.62077	6.78971	0	2.81738	2.19129	7.24469	0	2.27738	0	5.20544
YMR019W	0	0	24.8442	12.711	0	15.8427	0	19.0664	-1	-1	-1	-1	-1	-1	-1	-1
YMR037C	0	0	0	6.5852	0	2.24882	0	6.35812	0	2.17386	0	5.18584	0	2.00224	0	4.70062
YMR043W	-1	0.716748	1.52309	1.1077	-1	2.04599	0	9.48595	-1	1.33964	0	6.21104	-1	0	0	3.86465
YMR070W	0	0.828677	2.95216	7.68935	0	0	0	0	-1	-1	-1	-1	39.8542	3.72904	0	14.8295
YMR280C	0.932716	0	0	0	-1	-1	-1	-1	5.87611	4.08107	0	2.3764	5.44084	4.25111	2.15428	3.96066
YNL027W	0	0	0	3.16984	-1	-1	-1	-1	0	3.73633	0	5.05194	0	0	0	3.99165
YNL068C	0	16.7807	0	0	5.45014	3.01192	5.16329	6.45412	0	3.24788	1.62394	4.87182	0	4.19518	4.19518	10.4879
YNL167C	-1	0	0	3.99791	-1	0	9.7602	9.42365	-1	0	0	4.88633	-1	0	1.98033	4.46144
YNL216W	1.06857	0.57113	0.72012	1.42783	0.801424	0.856695	0	6.85356	0.589114	1.88923	0.397012	3.35863	0.441572	1.77009	0.297581	2.83215
YOL089C	0	3.05104	0	0	-1	-1	-1	-1	0	11.1871	65.4017	20.7371	-1	-1	-1	-1
YOL108C	0	0	0	0	0	0	9.00235	11.7723	0	0	11.5415	7.54635	0	0	22.5059	0
YOR028C	2.62055	1.11221	0.966162	1.21847	2.75847	3.70736	6.61058	5.77171	5.63559	4.62424	7.47996	7.07499	7.2793	4.11929	7.51459	6.09236
YOR162C	0	0	0	0	0	0	0	0	0	9.81026	47.2346	27.3286	95.65	22.0731	53.1389	27.3286
YOR344C	0	1.19165	0	0.706165	0	2.62775	1.50927	6.22873	-1	-1	-1	-1	-1	-1	-1	-1
YOR363C	0	0	0	0	-1	-1	-1	-1	119.562	0	81.6524	115.44	100.684	0	73.6714	97.2123
YPL049C	17.0044	0	0	0	11.478	0	11.9563	15.9417	-1	-1	-1	-1	0	0	0	0
YPL075W	2.88537	1.41014	2.04972	2.26622	49.0513	9.58897	31.3607	31.8833	73.5769	20.5478	58.2412	44.4089	49.0513	12.3287	32.854	27.3286
YPL089C	0	0	0	0	23.764	5.04084	8.53066	4.1587	39.0408	0	24.5256	10.2482	54.6571	0	24.5256	14.3475
YPL202C	0	0	0	0	0	0	0	17.3909	0	0	0	0	0	0	0	0
YPR065W	0	2.02648	4.12284	2.9705	0	0	2.35591	0.848713	33.2696	2.25556	11.4723	7.23251	0	2.7511	7.99582	5.04084
YPR199C	0	0	0	0	0	0	0	0	0	0	134.246	32.7009	0	0	100.684	24.5256
