TF	MacIsaac	YeastractC3	YeastractT2	Hu	GENIE3	Inferelator	MERLIN	MERLIN-P
YAL051W	-1	1	1	0	0	1	0	1
YBL005W	0	3	2	0	0	2	1	2
YBL008W	-1	-1	-1	0	0	-1	0	0
YBL021C	0	0	0	0	0	0	0	0
YBL052C	-1	-1	-1	0	0	0	0	0
YBL054W	-1	-1	-1	0	0	0	0	0
YBL066C	-1	-1	-1	0	0	0	0	0
YBL103C	0	0	0	0	0	0	0	0
YBR033W	-1	-1	-1	0	0	0	0	0
YBR049C	2	2	2	0	0	3	0	3
YBR066C	-1	-1	0	-1	0	0	0	0
YBR083W	4	4	4	0	3	3	3	3
YBR103W	-1	-1	-1	0	0	-1	0	0
YBR150C	-1	-1	-1	1	0	0	0	1
YBR182C	-1	0	0	0	-1	0	0	0
YBR195C	-1	-1	-1	0	0	-1	0	0
YBR239C	-1	-1	-1	0	0	0	0	0
YBR240C	2	2	2	0	0	0	3	3
YBR245C	-1	-1	-1	0	0	-1	0	0
YBR275C	-1	-1	-1	0	0	0	0	0
YBR289W	-1	-1	-1	0	0	0	0	0
YBR297W	-1	-1	-1	0	0	0	0	0
YCL055W	-1	-1	0	0	0	0	0	0
YCR065W	-1	-1	-1	0	0	0	0	0
YCR081W	-1	-1	-1	0	0	-1	0	0
YCR084C	-1	-1	-1	0	0	0	0	0
YCR106W	1	-1	-1	0	0	0	0	1
YDL020C	2	2	3	0	0	3	1	3
YDL042C	-1	-1	-1	0	-1	-1	0	0
YDL048C	0	-1	-1	0	0	0	0	0
YDL056W	2	2	2	0	0	3	0	3
YDL070W	-1	-1	-1	0	0	0	0	0
YDL106C	0	0	0	0	0	0	0	0
YDL170W	0	0	0	0	0	0	0	0
YDR009W	-1	-1	-1	0	0	0	0	0
YDR043C	2	1	1	0	0	2	0	2
YDR049W	-1	-1	-1	0	0	0	0	0
YDR073W	-1	-1	-1	0	0	0	0	0
YDR081C	-1	-1	0	-1	0	0	0	0
YDR096W	-1	0	0	-1	0	0	0	0
YDR123C	2	3	3	0	3	0	3	2
YDR146C	1	1	1	0	0	0	0	3
YDR169C	-1	-1	-1	0	0	0	0	0
YDR176W	-1	-1	-1	0	0	0	0	0
YDR181C	-1	-1	-1	0	0	0	0	0
YDR191W	-1	-1	-1	0	0	-1	0	0
YDR207C	2	0	1	0	-1	1	0	2
YDR213W	-1	1	1	0	0	0	0	2
YDR216W	0	2	3	0	2	2	1	0
YDR253C	3	2	3	0	-1	3	2	3
YDR259C	1	1	0	0	0	0	0	2
YDR266C	-1	-1	-1	0	0	0	0	0
YDR277C	-1	-1	-1	0	0	0	0	0
YDR310C	0	0	0	0	0	0	0	0
YDR363W	-1	-1	-1	0	0	0	0	0
YDR392W	-1	-1	-1	0	0	0	0	0
YDR421W	0	1	0	0	0	0	0	1
YDR423C	0	1	0	0	0	0	0	1
YDR443C	-1	-1	-1	0	0	0	0	0
YDR448W	-1	-1	-1	0	0	0	0	0
YDR451C	0	-1	0	0	0	0	0	0
YDR463W	0	0	0	0	0	0	0	0
YDR477W	-1	-1	-1	0	0	0	0	0
YDR520C	0	-1	-1	0	0	0	0	0
YEL009C	3	3	3	0	0	3	3	3
YEL056W	-1	-1	-1	0	0	-1	0	0
YER028C	-1	-1	1	0	0	0	0	1
YER040W	1	0	0	0	1	0	0	0
YER045C	-1	-1	-1	0	0	0	0	0
YER051W	-1	-1	-1	0	-1	0	0	0
YER068W	-1	-1	-1	0	0	0	0	0
YER088C	-1	-1	-1	0	0	0	0	0
YER109C	-1	0	0	0	0	0	0	0
YER111C	2	2	2	0	0	3	0	3
YER130C	-1	-1	-1	0	0	0	0	0
YER161C	0	-1	-1	0	0	0	0	0
YER169W	0	-1	-1	0	0	0	0	0
YER184C	-1	-1	-1	0	-1	0	0	0
YFL021W	2	2	2	0	0	1	2	3
YFL031W	0	0	0	0	0	0	0	0
YFL044C	-1	-1	-1	0	0	0	0	0
YFL052W	-1	-1	-1	0	0	0	0	0
YFR034C	0	1	0	0	-1	0	0	1
YGL013C	0	0	1	0	0	0	0	1
YGL023C	-1	-1	-1	0	-1	-1	0	0
YGL025C	-1	-1	-1	0	-1	-1	0	0
YGL035C	0	0	1	0	0	1	0	0
YGL071W	3	4	4	0	2	3	3	3
YGL073W	0	0	0	0	0	0	0	0
YGL096W	-1	-1	0	0	-1	0	0	0
YGL131C	1	-1	-1	0	0	0	1	0
YGL151W	-1	-1	-1	3	1	-1	1	1
YGL162W	1	-1	-1	0	0	0	0	1
YGL166W	-1	0	0	0	0	-1	0	0
YGL181W	0	-1	-1	0	0	0	0	0
YGL197W	-1	-1	-1	0	0	-1	0	0
YGL209W	-1	0	0	0	0	0	0	0
YGL237C	0	0	0	0	0	-1	0	0
YGL244W	-1	-1	-1	0	0	0	0	0
YGL254W	-1	0	0	0	0	0	0	0
YGR040W	-1	-1	-1	0	0	-1	0	0
YGR044C	0	0	0	0	0	0	0	0
YGR056W	-1	-1	-1	0	0	0	0	0
YGR063C	-1	-1	-1	0	0	0	0	0
YGR067C	-1	-1	-1	0	0	0	0	0
YGR089W	-1	-1	-1	0	0	-1	0	0
YGR097W	-1	-1	-1	0	0	-1	0	0
YGR104C	-1	-1	-1	0	0	-1	0	0
YGR249W	-1	-1	0	0	0	0	0	0
YGR288W	-1	-1	-1	0	0	-1	0	0
YHL009C	-1	-1	-1	0	0	0	0	0
YHL020C	0	-1	1	2	0	0	1	2
YHL025W	-1	-1	-1	0	-1	-1	0	0
YHL027W	0	0	0	0	0	0	0	0
YHR006W	-1	0	0	0	0	0	0	0
YHR041C	-1	-1	-1	0	0	-1	0	0
YHR084W	4	4	4	-1	3	3	3	3
YHR124W	-1	0	0	0	0	0	0	0
YHR154W	-1	-1	-1	0	0	0	0	0
YHR178W	3	0	0	1	0	1	2	1
YHR206W	1	0	0	0	0	0	0	1
YIL010W	-1	-1	-1	0	-1	-1	0	0
YIL036W	0	-1	0	0	0	0	0	0
YIL038C	-1	-1	-1	0	0	0	0	0
YIL084C	-1	-1	-1	0	0	-1	0	0
YIL101C	1	0	0	0	0	1	0	0
YIL119C	-1	-1	-1	0	0	0	0	0
YIL128W	-1	-1	-1	0	0	0	0	0
YIL130W	-1	-1	-1	0	0	0	0	0
YIL131C	0	2	0	0	0	1	0	1
YIR017C	-1	3	3	0	2	-1	2	2
YIR018W	0	0	0	0	-1	0	0	0
YIR023W	0	0	-1	0	-1	0	0	0
YIR033W	-1	4	4	0	2	2	2	2
YJL056C	4	4	4	0	3	3	3	3
YJL089W	2	0	0	0	0	0	1	1
YJL103C	-1	-1	-1	0	0	0	0	0
YJL110C	0	1	1	2	-1	0	1	3
YJL127C	-1	-1	-1	0	0	0	0	0
YJL168C	-1	-1	-1	0	0	0	0	0
YJL176C	-1	-1	-1	0	0	-1	0	0
YJR060W	3	0	0	0	0	1	1	1
YJR094C	0	0	-1	0	0	-1	0	0
YJR122W	-1	-1	-1	0	0	0	0	0
YJR127C	-1	0	-1	0	0	0	0	0
YJR140C	-1	-1	-1	0	0	0	0	0
YJR147W	-1	-1	-1	0	0	0	0	0
YKL005C	-1	-1	-1	0	0	0	0	0
YKL015W	0	0	0	0	0	0	0	0
YKL020C	0	0	-1	0	0	0	0	0
YKL032C	0	0	-1	0	-1	-1	0	0
YKL038W	0	0	0	0	0	0	0	0
YKL043W	2	1	-1	0	-1	1	0	2
YKL062W	2	3	4	0	3	2	1	3
YKL072W	-1	-1	-1	0	0	0	0	0
YKL109W	4	4	4	0	3	3	3	3
YKL112W	2	1	1	0	0	3	0	1
YKL185W	0	0	0	0	0	0	0	0
YKL222C	-1	-1	-1	0	-1	0	0	0
YKR034W	0	4	4	0	2	2	2	2
YKR036C	-1	-1	-1	0	0	-1	0	0
YKR064W	-1	-1	-1	0	0	-1	0	0
YKR099W	2	2	2	1	0	3	0	4
YKR101W	-1	-1	-1	0	0	0	0	0
YLR013W	0	-1	0	0	0	0	0	0
YLR014C	-1	-1	-1	0	0	0	0	0
YLR039C	-1	-1	-1	0	0	-1	0	0
YLR098C	0	0	-1	0	-1	0	0	0
YLR113W	-1	-1	-1	0	0	-1	0	0
YLR131C	0	0	0	0	0	0	0	0
YLR176C	3	3	2	2	0	2	4	4
YLR182W	0	-1	-1	0	0	-1	0	0
YLR223C	-1	0	0	-1	0	0	0	0
YLR228C	-1	0	0	0	0	0	0	0
YLR256W	4	4	4	-1	3	3	3	3
YLR266C	-1	-1	0	0	0	0	0	0
YLR278C	-1	-1	-1	0	0	0	0	0
YLR357W	-1	-1	-1	0	0	-1	0	0
YLR403W	0	1	0	0	0	1	0	0
YLR418C	-1	-1	-1	0	0	0	0	0
YLR442C	-1	-1	-1	0	0	-1	0	0
YLR451W	0	0	0	0	0	0	0	0
YLR453C	-1	-1	-1	0	-1	-1	0	0
YML007W	1	1	1	0	0	0	0	3
YML027W	0	0	0	0	0	0	0	0
YML051W	0	-1	-1	0	0	-1	0	0
YML076C	-1	-1	0	-1	-1	0	0	0
YML081W	0	-1	-1	0	0	0	0	0
YML099C	0	0	-1	0	0	0	0	0
YML102W	-1	-1	-1	0	0	0	0	0
YML113W	-1	-1	-1	0	0	0	0	0
YMR016C	1	1	1	0	0	0	0	3
YMR019W	2	-1	-1	0	0	1	0	1
YMR021C	0	0	0	0	0	0	0	0
YMR037C	1	1	1	0	0	0	0	3
YMR042W	0	0	-1	0	-1	0	0	0
YMR043W	1	1	0	0	-1	0	0	2
YMR053C	0	-1	-1	0	0	0	0	0
YMR070W	0	-1	1	1	0	0	0	2
YMR075W	-1	-1	-1	0	0	0	0	0
YMR164C	-1	0	-1	0	0	0	0	0
YMR182C	-1	0	-1	0	0	0	0	0
YMR273C	-1	-1	-1	0	0	-1	0	0
YMR280C	-1	2	2	0	2	2	0	0
YNL021W	-1	-1	-1	0	0	0	0	0
YNL027W	-1	0	1	0	0	0	0	1
YNL068C	3	2	1	0	0	2	1	3
YNL097C	-1	-1	-1	0	-1	-1	0	0
YNL103W	0	0	0	-1	0	-1	0	0
YNL139C	0	-1	-1	0	0	0	0	0
YNL167C	1	0	1	0	-1	0	0	2
YNL199C	0	0	0	0	0	-1	0	0
YNL204C	-1	-1	-1	0	0	-1	0	0
YNL216W	1	2	2	0	0	2	0	3
YNL236W	-1	-1	-1	0	0	0	0	0
YNL257C	-1	-1	-1	0	0	0	0	0
YNL309W	0	-1	-1	0	0	-1	0	0
YNL314W	0	0	-1	0	0	0	0	0
YNL330C	-1	-1	-1	0	0	-1	0	0
YNR010W	-1	-1	-1	0	0	0	0	0
YNR052C	-1	-1	-1	0	0	0	0	0
YNR063W	-1	-1	-1	0	-1	0	0	0
YOL004W	-1	-1	-1	0	0	0	0	0
YOL028C	0	-1	-1	0	0	0	0	0
YOL051W	-1	-1	-1	0	0	0	0	0
YOL067C	-1	0	0	0	0	0	0	0
YOL068C	-1	-1	-1	0	0	-1	0	0
YOL089C	-1	2	-1	0	0	0	1	1
YOL108C	0	1	1	0	0	0	2	0
YOL116W	-1	0	0	0	0	0	0	0
YOL148C	-1	-1	-1	0	0	0	0	0
YOR025W	-1	-1	-1	0	0	0	0	0
YOR028C	3	4	4	0	2	3	3	3
YOR032C	-1	0	0	0	0	0	0	0
YOR038C	-1	-1	-1	0	0	-1	0	0
YOR113W	0	0	0	0	0	0	0	0
YOR140W	-1	0	0	0	0	0	0	0
YOR162C	0	2	3	0	0	1	2	2
YOR172W	-1	0	0	-1	0	0	0	0
YOR191W	-1	-1	-1	0	0	-1	0	0
YOR213C	-1	-1	-1	0	0	-1	0	0
YOR229W	-1	-1	-1	0	0	0	0	0
YOR230W	-1	-1	-1	0	0	0	0	0
YOR290C	-1	-1	-1	0	0	-1	0	0
YOR298C-A	-1	-1	-1	0	0	-1	0	0
YOR304W	-1	-1	-1	0	0	0	0	0
YOR344C	1	-1	-1	0	0	0	0	1
YOR358W	0	0	0	0	0	0	0	0
YOR363C	-1	2	3	0	1	0	2	2
YOR372C	0	0	-1	-1	0	-1	0	0
YOR380W	-1	-1	-1	0	0	0	0	0
YPL001W	-1	-1	-1	0	0	0	0	0
YPL038W	0	0	0	0	-1	0	0	0
YPL042C	-1	-1	-1	0	0	-1	0	0
YPL049C	3	-1	0	0	1	0	1	1
YPL075W	3	4	4	3	4	2	4	4
YPL089C	0	3	3	0	2	0	2	2
YPL129W	-1	-1	-1	0	0	0	0	0
YPL133C	-1	-1	-1	0	0	0	0	0
YPL139C	-1	-1	-1	0	0	0	0	0
YPL177C	-1	0	0	0	0	0	0	0
YPL202C	1	0	0	0	0	0	0	1
YPL230W	-1	-1	-1	0	0	0	0	0
YPL248C	0	0	0	0	0	0	0	0
YPL254W	-1	-1	-1	0	0	-1	0	0
YPR008W	-1	0	0	0	0	0	0	0
YPR009W	-1	-1	-1	0	0	0	0	0
YPR018W	-1	-1	-1	0	0	0	0	0
YPR022C	-1	-1	-1	0	0	0	0	0
YPR054W	-1	-1	-1	0	-1	0	0	0
YPR065W	0	2	3	0	0	1	2	2
YPR104C	0	0	0	-1	0	0	0	0
YPR193C	-1	-1	-1	0	0	0	0	0
YPR196W	-1	-1	-1	0	0	0	0	0
YPR199C	0	1	1	0	0	0	2	0
